{
 "cells": [
  {
   "cell_type": "code",
   "execution_count": 5,
   "metadata": {},
   "outputs": [],
   "source": [
    "import numpy as np\n",
    "from numpy import mean\n",
    "from numpy import std\n",
    "from numpy import absolute\n",
    "import math\n",
    "\n",
    "from pandas import read_csv\n",
    "import pandas as pd\n",
    "\n",
    "from matplotlib import pyplot as plt\n",
    "import seaborn as sns\n",
    "import pylab\n",
    "\n",
    "from scipy import stats\n",
    "import statsmodels.api as sm\n",
    "from statsmodels.stats import diagnostic as diag\n",
    "from statsmodels.stats.outliers_influence import variance_inflation_factor\n",
    "\n",
    "from sklearn.model_selection import train_test_split\n",
    "from sklearn.linear_model import LinearRegression\n",
    "from sklearn.metrics import mean_squared_error, r2_score, mean_absolute_error\n",
    "from sklearn.model_selection import cross_val_score\n",
    "from sklearn.model_selection import RepeatedKFold\n",
    "from sklearn.model_selection import KFold\n",
    "from sklearn.linear_model import Lasso"
   ]
  },
  {
   "cell_type": "code",
   "execution_count": 6,
   "metadata": {},
   "outputs": [
    {
     "name": "stdout",
     "output_type": "stream",
     "text": [
      "(1272, 14)\n",
      "  Steel     C    Si    Mn    Cr   Mo    Ni   Al    Cu  ppmB       Pa     Rc  \\\n",
      "0  GA01  0.13  0.27  0.22  0.08  0.0  0.06  0.0  0.22   0.0  1132.36  60.00   \n",
      "1  GA01  0.13  0.27  0.22  0.08  0.0  0.06  0.0  0.22   0.0  1132.36   8.50   \n",
      "2  GA01  0.13  0.27  0.22  0.08  0.0  0.06  0.0  0.22   0.0  1132.36   0.65   \n",
      "3  GA01  0.13  0.27  0.21  0.08  0.0  0.06  0.0  0.22   0.0  1132.36   0.05   \n",
      "\n",
      "       lnRc  Texp  \n",
      "0  4.094345   770  \n",
      "1  2.140066   805  \n",
      "2 -0.430783   825  \n",
      "3 -2.995732   840  \n"
     ]
    }
   ],
   "source": [
    "dataframe = pd.read_csv('CCT-TFS syyskuu Henry.csv')\n",
    "dataframe\n",
    "print(dataframe.shape)\n",
    "print(dataframe.head(n=4))\n"
   ]
  },
  {
   "cell_type": "code",
   "execution_count": 7,
   "metadata": {},
   "outputs": [],
   "source": [
    "# y1 = b_0 + b_1{X_1}   + b_2{X_2}   +  b_3{X_3}    +  b_4{X_4}       .    .      .    b_k{X_k}\n",
    "# y2 = b_0 + b_1{X_1_1} + b_2{X_1_2} +  b_3{X_1_3}  +  b_4{X_1_4}     .    .      .      .\n",
    "# y3 = b_0 + b_1{X_2_1} + b_2{X_2_2} +  b_3{X_2_3}  +  b_4{X_2_4}     .    .      .      .\n",
    "# y4 = b_0 + b_1{X_3_1} + b_2{X_3_2} +  b_3{X_3_3}  +  b_4{X_3_4}     .    .      .      .\n",
    "# .     .       .             .             .              .          .    .      .      .\n",
    "# .     .       .             .             .              .          .    .      .      .\n",
    "\n",
    "# yn = b_0 +    .             .             .              .          .    .      .     b_k{X_n_k}\n",
    "\n",
    "\n",
    "\n",
    "#y=texp       b_0       X_1=C        X_2=Si           X_3=Mn           X_4=Cr\n",
    "\n",
    "# 770    =    b_0  +   b_1{0.13}   + b_2{0.27}   +  b_3{0.22}    +    b_4{0.8}\n",
    "# 805    =    b_0  +   b_1{0.13}   + b_2{0.27}   +  b_3{0.22}    +    b_4{0.8}\n",
    "# 825    =    b_0  +   b_1{0.13}   + b_2{0.27}   +  b_3{0.22}    +    b_4{0.8}\n",
    "# 840    =    b_0  +   b_1{0.13}   + b_2{0.27}   +  b_3{0.21}    +    b_4{0.8}\n",
    "\n",
    "#intercept\n",
    "#coef of the regressors\n"
   ]
  },
  {
   "cell_type": "code",
   "execution_count": 8,
   "metadata": {},
   "outputs": [
    {
     "data": {
      "text/html": [
       "<div>\n",
       "<style scoped>\n",
       "    .dataframe tbody tr th:only-of-type {\n",
       "        vertical-align: middle;\n",
       "    }\n",
       "\n",
       "    .dataframe tbody tr th {\n",
       "        vertical-align: top;\n",
       "    }\n",
       "\n",
       "    .dataframe thead th {\n",
       "        text-align: right;\n",
       "    }\n",
       "</style>\n",
       "<table border=\"1\" class=\"dataframe\">\n",
       "  <thead>\n",
       "    <tr style=\"text-align: right;\">\n",
       "      <th></th>\n",
       "      <th>C</th>\n",
       "      <th>Si</th>\n",
       "      <th>Mn</th>\n",
       "      <th>Cr</th>\n",
       "      <th>Mo</th>\n",
       "      <th>Ni</th>\n",
       "      <th>Al</th>\n",
       "      <th>Cu</th>\n",
       "      <th>ppmB</th>\n",
       "      <th>Pa</th>\n",
       "      <th>Rc</th>\n",
       "      <th>lnRc</th>\n",
       "    </tr>\n",
       "  </thead>\n",
       "  <tbody>\n",
       "    <tr>\n",
       "      <th>0</th>\n",
       "      <td>0.13</td>\n",
       "      <td>0.27</td>\n",
       "      <td>0.22</td>\n",
       "      <td>0.08</td>\n",
       "      <td>0.00</td>\n",
       "      <td>0.06</td>\n",
       "      <td>0.00</td>\n",
       "      <td>0.22</td>\n",
       "      <td>0.0</td>\n",
       "      <td>1132.36</td>\n",
       "      <td>60.000</td>\n",
       "      <td>4.094345</td>\n",
       "    </tr>\n",
       "    <tr>\n",
       "      <th>1</th>\n",
       "      <td>0.13</td>\n",
       "      <td>0.27</td>\n",
       "      <td>0.22</td>\n",
       "      <td>0.08</td>\n",
       "      <td>0.00</td>\n",
       "      <td>0.06</td>\n",
       "      <td>0.00</td>\n",
       "      <td>0.22</td>\n",
       "      <td>0.0</td>\n",
       "      <td>1132.36</td>\n",
       "      <td>8.500</td>\n",
       "      <td>2.140066</td>\n",
       "    </tr>\n",
       "    <tr>\n",
       "      <th>2</th>\n",
       "      <td>0.13</td>\n",
       "      <td>0.27</td>\n",
       "      <td>0.22</td>\n",
       "      <td>0.08</td>\n",
       "      <td>0.00</td>\n",
       "      <td>0.06</td>\n",
       "      <td>0.00</td>\n",
       "      <td>0.22</td>\n",
       "      <td>0.0</td>\n",
       "      <td>1132.36</td>\n",
       "      <td>0.650</td>\n",
       "      <td>-0.430783</td>\n",
       "    </tr>\n",
       "    <tr>\n",
       "      <th>3</th>\n",
       "      <td>0.13</td>\n",
       "      <td>0.27</td>\n",
       "      <td>0.21</td>\n",
       "      <td>0.08</td>\n",
       "      <td>0.00</td>\n",
       "      <td>0.06</td>\n",
       "      <td>0.00</td>\n",
       "      <td>0.22</td>\n",
       "      <td>0.0</td>\n",
       "      <td>1132.36</td>\n",
       "      <td>0.050</td>\n",
       "      <td>-2.995732</td>\n",
       "    </tr>\n",
       "    <tr>\n",
       "      <th>4</th>\n",
       "      <td>0.13</td>\n",
       "      <td>0.27</td>\n",
       "      <td>0.21</td>\n",
       "      <td>0.08</td>\n",
       "      <td>0.00</td>\n",
       "      <td>0.06</td>\n",
       "      <td>0.00</td>\n",
       "      <td>0.22</td>\n",
       "      <td>0.0</td>\n",
       "      <td>1132.36</td>\n",
       "      <td>0.004</td>\n",
       "      <td>-5.521461</td>\n",
       "    </tr>\n",
       "    <tr>\n",
       "      <th>...</th>\n",
       "      <td>...</td>\n",
       "      <td>...</td>\n",
       "      <td>...</td>\n",
       "      <td>...</td>\n",
       "      <td>...</td>\n",
       "      <td>...</td>\n",
       "      <td>...</td>\n",
       "      <td>...</td>\n",
       "      <td>...</td>\n",
       "      <td>...</td>\n",
       "      <td>...</td>\n",
       "      <td>...</td>\n",
       "    </tr>\n",
       "    <tr>\n",
       "      <th>1267</th>\n",
       "      <td>0.20</td>\n",
       "      <td>0.36</td>\n",
       "      <td>0.80</td>\n",
       "      <td>1.12</td>\n",
       "      <td>0.01</td>\n",
       "      <td>0.02</td>\n",
       "      <td>0.05</td>\n",
       "      <td>0.01</td>\n",
       "      <td>28.0</td>\n",
       "      <td>1286.59</td>\n",
       "      <td>6.000</td>\n",
       "      <td>1.791759</td>\n",
       "    </tr>\n",
       "    <tr>\n",
       "      <th>1268</th>\n",
       "      <td>0.20</td>\n",
       "      <td>0.36</td>\n",
       "      <td>0.80</td>\n",
       "      <td>1.12</td>\n",
       "      <td>0.01</td>\n",
       "      <td>0.02</td>\n",
       "      <td>0.05</td>\n",
       "      <td>0.01</td>\n",
       "      <td>28.0</td>\n",
       "      <td>1286.59</td>\n",
       "      <td>3.000</td>\n",
       "      <td>1.098612</td>\n",
       "    </tr>\n",
       "    <tr>\n",
       "      <th>1269</th>\n",
       "      <td>0.20</td>\n",
       "      <td>0.36</td>\n",
       "      <td>0.80</td>\n",
       "      <td>1.12</td>\n",
       "      <td>0.01</td>\n",
       "      <td>0.02</td>\n",
       "      <td>0.05</td>\n",
       "      <td>0.01</td>\n",
       "      <td>28.0</td>\n",
       "      <td>1286.59</td>\n",
       "      <td>1.500</td>\n",
       "      <td>0.405465</td>\n",
       "    </tr>\n",
       "    <tr>\n",
       "      <th>1270</th>\n",
       "      <td>0.20</td>\n",
       "      <td>0.40</td>\n",
       "      <td>1.78</td>\n",
       "      <td>0.27</td>\n",
       "      <td>0.01</td>\n",
       "      <td>1.15</td>\n",
       "      <td>0.05</td>\n",
       "      <td>0.01</td>\n",
       "      <td>28.0</td>\n",
       "      <td>1286.59</td>\n",
       "      <td>1.500</td>\n",
       "      <td>0.405465</td>\n",
       "    </tr>\n",
       "    <tr>\n",
       "      <th>1271</th>\n",
       "      <td>0.20</td>\n",
       "      <td>0.41</td>\n",
       "      <td>1.82</td>\n",
       "      <td>0.27</td>\n",
       "      <td>0.62</td>\n",
       "      <td>0.03</td>\n",
       "      <td>0.05</td>\n",
       "      <td>0.02</td>\n",
       "      <td>13.5</td>\n",
       "      <td>1286.59</td>\n",
       "      <td>1.500</td>\n",
       "      <td>0.405465</td>\n",
       "    </tr>\n",
       "  </tbody>\n",
       "</table>\n",
       "<p>1272 rows × 12 columns</p>\n",
       "</div>"
      ],
      "text/plain": [
       "         C    Si    Mn    Cr    Mo    Ni    Al    Cu  ppmB       Pa      Rc  \\\n",
       "0     0.13  0.27  0.22  0.08  0.00  0.06  0.00  0.22   0.0  1132.36  60.000   \n",
       "1     0.13  0.27  0.22  0.08  0.00  0.06  0.00  0.22   0.0  1132.36   8.500   \n",
       "2     0.13  0.27  0.22  0.08  0.00  0.06  0.00  0.22   0.0  1132.36   0.650   \n",
       "3     0.13  0.27  0.21  0.08  0.00  0.06  0.00  0.22   0.0  1132.36   0.050   \n",
       "4     0.13  0.27  0.21  0.08  0.00  0.06  0.00  0.22   0.0  1132.36   0.004   \n",
       "...    ...   ...   ...   ...   ...   ...   ...   ...   ...      ...     ...   \n",
       "1267  0.20  0.36  0.80  1.12  0.01  0.02  0.05  0.01  28.0  1286.59   6.000   \n",
       "1268  0.20  0.36  0.80  1.12  0.01  0.02  0.05  0.01  28.0  1286.59   3.000   \n",
       "1269  0.20  0.36  0.80  1.12  0.01  0.02  0.05  0.01  28.0  1286.59   1.500   \n",
       "1270  0.20  0.40  1.78  0.27  0.01  1.15  0.05  0.01  28.0  1286.59   1.500   \n",
       "1271  0.20  0.41  1.82  0.27  0.62  0.03  0.05  0.02  13.5  1286.59   1.500   \n",
       "\n",
       "          lnRc  \n",
       "0     4.094345  \n",
       "1     2.140066  \n",
       "2    -0.430783  \n",
       "3    -2.995732  \n",
       "4    -5.521461  \n",
       "...        ...  \n",
       "1267  1.791759  \n",
       "1268  1.098612  \n",
       "1269  0.405465  \n",
       "1270  0.405465  \n",
       "1271  0.405465  \n",
       "\n",
       "[1272 rows x 12 columns]"
      ]
     },
     "execution_count": 8,
     "metadata": {},
     "output_type": "execute_result"
    }
   ],
   "source": [
    "data = pd.DataFrame.values\n",
    "x = dataframe.iloc[:, 1:-1]\n",
    "y = dataframe.iloc[:, -1]\n",
    "\n",
    "\n",
    "x=x.astype(float)\n",
    "y=y.astype(float)\n",
    "\n",
    "x"
   ]
  },
  {
   "cell_type": "code",
   "execution_count": 9,
   "metadata": {},
   "outputs": [
    {
     "data": {
      "text/html": [
       "<div>\n",
       "<style scoped>\n",
       "    .dataframe tbody tr th:only-of-type {\n",
       "        vertical-align: middle;\n",
       "    }\n",
       "\n",
       "    .dataframe tbody tr th {\n",
       "        vertical-align: top;\n",
       "    }\n",
       "\n",
       "    .dataframe thead th {\n",
       "        text-align: right;\n",
       "    }\n",
       "</style>\n",
       "<table border=\"1\" class=\"dataframe\">\n",
       "  <thead>\n",
       "    <tr style=\"text-align: right;\">\n",
       "      <th></th>\n",
       "      <th>C</th>\n",
       "      <th>Si</th>\n",
       "      <th>Mn</th>\n",
       "      <th>Cr</th>\n",
       "      <th>Mo</th>\n",
       "      <th>Ni</th>\n",
       "      <th>Al</th>\n",
       "      <th>Cu</th>\n",
       "      <th>ppmB</th>\n",
       "      <th>Pa</th>\n",
       "      <th>Rc</th>\n",
       "      <th>lnRc</th>\n",
       "    </tr>\n",
       "  </thead>\n",
       "  <tbody>\n",
       "    <tr>\n",
       "      <th>C</th>\n",
       "      <td>1.000000</td>\n",
       "      <td>0.423557</td>\n",
       "      <td>-0.024671</td>\n",
       "      <td>-0.040512</td>\n",
       "      <td>0.078595</td>\n",
       "      <td>-0.127049</td>\n",
       "      <td>0.020240</td>\n",
       "      <td>-0.084688</td>\n",
       "      <td>-0.385890</td>\n",
       "      <td>-0.327897</td>\n",
       "      <td>-0.052516</td>\n",
       "      <td>-0.161332</td>\n",
       "    </tr>\n",
       "    <tr>\n",
       "      <th>Si</th>\n",
       "      <td>0.423557</td>\n",
       "      <td>1.000000</td>\n",
       "      <td>0.274375</td>\n",
       "      <td>-0.151363</td>\n",
       "      <td>-0.075460</td>\n",
       "      <td>-0.137054</td>\n",
       "      <td>-0.069377</td>\n",
       "      <td>-0.092396</td>\n",
       "      <td>-0.129450</td>\n",
       "      <td>-0.045155</td>\n",
       "      <td>-0.031104</td>\n",
       "      <td>0.004454</td>\n",
       "    </tr>\n",
       "    <tr>\n",
       "      <th>Mn</th>\n",
       "      <td>-0.024671</td>\n",
       "      <td>0.274375</td>\n",
       "      <td>1.000000</td>\n",
       "      <td>-0.266828</td>\n",
       "      <td>-0.091116</td>\n",
       "      <td>-0.228996</td>\n",
       "      <td>0.064256</td>\n",
       "      <td>-0.087252</td>\n",
       "      <td>0.073001</td>\n",
       "      <td>0.000162</td>\n",
       "      <td>-0.085048</td>\n",
       "      <td>0.008767</td>\n",
       "    </tr>\n",
       "    <tr>\n",
       "      <th>Cr</th>\n",
       "      <td>-0.040512</td>\n",
       "      <td>-0.151363</td>\n",
       "      <td>-0.266828</td>\n",
       "      <td>1.000000</td>\n",
       "      <td>0.199588</td>\n",
       "      <td>0.144988</td>\n",
       "      <td>0.115025</td>\n",
       "      <td>0.047204</td>\n",
       "      <td>-0.033422</td>\n",
       "      <td>0.013198</td>\n",
       "      <td>-0.148081</td>\n",
       "      <td>-0.197612</td>\n",
       "    </tr>\n",
       "    <tr>\n",
       "      <th>Mo</th>\n",
       "      <td>0.078595</td>\n",
       "      <td>-0.075460</td>\n",
       "      <td>-0.091116</td>\n",
       "      <td>0.199588</td>\n",
       "      <td>1.000000</td>\n",
       "      <td>0.049304</td>\n",
       "      <td>-0.012070</td>\n",
       "      <td>-0.002367</td>\n",
       "      <td>-0.149920</td>\n",
       "      <td>-0.143116</td>\n",
       "      <td>-0.166733</td>\n",
       "      <td>-0.328220</td>\n",
       "    </tr>\n",
       "    <tr>\n",
       "      <th>Ni</th>\n",
       "      <td>-0.127049</td>\n",
       "      <td>-0.137054</td>\n",
       "      <td>-0.228996</td>\n",
       "      <td>0.144988</td>\n",
       "      <td>0.049304</td>\n",
       "      <td>1.000000</td>\n",
       "      <td>-0.057640</td>\n",
       "      <td>0.082005</td>\n",
       "      <td>-0.102143</td>\n",
       "      <td>-0.212840</td>\n",
       "      <td>-0.089855</td>\n",
       "      <td>-0.192413</td>\n",
       "    </tr>\n",
       "    <tr>\n",
       "      <th>Al</th>\n",
       "      <td>0.020240</td>\n",
       "      <td>-0.069377</td>\n",
       "      <td>0.064256</td>\n",
       "      <td>0.115025</td>\n",
       "      <td>-0.012070</td>\n",
       "      <td>-0.057640</td>\n",
       "      <td>1.000000</td>\n",
       "      <td>-0.021200</td>\n",
       "      <td>-0.028779</td>\n",
       "      <td>0.060667</td>\n",
       "      <td>-0.000696</td>\n",
       "      <td>0.039733</td>\n",
       "    </tr>\n",
       "    <tr>\n",
       "      <th>Cu</th>\n",
       "      <td>-0.084688</td>\n",
       "      <td>-0.092396</td>\n",
       "      <td>-0.087252</td>\n",
       "      <td>0.047204</td>\n",
       "      <td>-0.002367</td>\n",
       "      <td>0.082005</td>\n",
       "      <td>-0.021200</td>\n",
       "      <td>1.000000</td>\n",
       "      <td>-0.088111</td>\n",
       "      <td>0.169726</td>\n",
       "      <td>0.019145</td>\n",
       "      <td>0.036341</td>\n",
       "    </tr>\n",
       "    <tr>\n",
       "      <th>ppmB</th>\n",
       "      <td>-0.385890</td>\n",
       "      <td>-0.129450</td>\n",
       "      <td>0.073001</td>\n",
       "      <td>-0.033422</td>\n",
       "      <td>-0.149920</td>\n",
       "      <td>-0.102143</td>\n",
       "      <td>-0.028779</td>\n",
       "      <td>-0.088111</td>\n",
       "      <td>1.000000</td>\n",
       "      <td>0.280906</td>\n",
       "      <td>-0.022153</td>\n",
       "      <td>0.123441</td>\n",
       "    </tr>\n",
       "    <tr>\n",
       "      <th>Pa</th>\n",
       "      <td>-0.327897</td>\n",
       "      <td>-0.045155</td>\n",
       "      <td>0.000162</td>\n",
       "      <td>0.013198</td>\n",
       "      <td>-0.143116</td>\n",
       "      <td>-0.212840</td>\n",
       "      <td>0.060667</td>\n",
       "      <td>0.169726</td>\n",
       "      <td>0.280906</td>\n",
       "      <td>1.000000</td>\n",
       "      <td>0.121055</td>\n",
       "      <td>0.224244</td>\n",
       "    </tr>\n",
       "    <tr>\n",
       "      <th>Rc</th>\n",
       "      <td>-0.052516</td>\n",
       "      <td>-0.031104</td>\n",
       "      <td>-0.085048</td>\n",
       "      <td>-0.148081</td>\n",
       "      <td>-0.166733</td>\n",
       "      <td>-0.089855</td>\n",
       "      <td>-0.000696</td>\n",
       "      <td>0.019145</td>\n",
       "      <td>-0.022153</td>\n",
       "      <td>0.121055</td>\n",
       "      <td>1.000000</td>\n",
       "      <td>0.497507</td>\n",
       "    </tr>\n",
       "    <tr>\n",
       "      <th>lnRc</th>\n",
       "      <td>-0.161332</td>\n",
       "      <td>0.004454</td>\n",
       "      <td>0.008767</td>\n",
       "      <td>-0.197612</td>\n",
       "      <td>-0.328220</td>\n",
       "      <td>-0.192413</td>\n",
       "      <td>0.039733</td>\n",
       "      <td>0.036341</td>\n",
       "      <td>0.123441</td>\n",
       "      <td>0.224244</td>\n",
       "      <td>0.497507</td>\n",
       "      <td>1.000000</td>\n",
       "    </tr>\n",
       "  </tbody>\n",
       "</table>\n",
       "</div>"
      ],
      "text/plain": [
       "             C        Si        Mn        Cr        Mo        Ni        Al  \\\n",
       "C     1.000000  0.423557 -0.024671 -0.040512  0.078595 -0.127049  0.020240   \n",
       "Si    0.423557  1.000000  0.274375 -0.151363 -0.075460 -0.137054 -0.069377   \n",
       "Mn   -0.024671  0.274375  1.000000 -0.266828 -0.091116 -0.228996  0.064256   \n",
       "Cr   -0.040512 -0.151363 -0.266828  1.000000  0.199588  0.144988  0.115025   \n",
       "Mo    0.078595 -0.075460 -0.091116  0.199588  1.000000  0.049304 -0.012070   \n",
       "Ni   -0.127049 -0.137054 -0.228996  0.144988  0.049304  1.000000 -0.057640   \n",
       "Al    0.020240 -0.069377  0.064256  0.115025 -0.012070 -0.057640  1.000000   \n",
       "Cu   -0.084688 -0.092396 -0.087252  0.047204 -0.002367  0.082005 -0.021200   \n",
       "ppmB -0.385890 -0.129450  0.073001 -0.033422 -0.149920 -0.102143 -0.028779   \n",
       "Pa   -0.327897 -0.045155  0.000162  0.013198 -0.143116 -0.212840  0.060667   \n",
       "Rc   -0.052516 -0.031104 -0.085048 -0.148081 -0.166733 -0.089855 -0.000696   \n",
       "lnRc -0.161332  0.004454  0.008767 -0.197612 -0.328220 -0.192413  0.039733   \n",
       "\n",
       "            Cu      ppmB        Pa        Rc      lnRc  \n",
       "C    -0.084688 -0.385890 -0.327897 -0.052516 -0.161332  \n",
       "Si   -0.092396 -0.129450 -0.045155 -0.031104  0.004454  \n",
       "Mn   -0.087252  0.073001  0.000162 -0.085048  0.008767  \n",
       "Cr    0.047204 -0.033422  0.013198 -0.148081 -0.197612  \n",
       "Mo   -0.002367 -0.149920 -0.143116 -0.166733 -0.328220  \n",
       "Ni    0.082005 -0.102143 -0.212840 -0.089855 -0.192413  \n",
       "Al   -0.021200 -0.028779  0.060667 -0.000696  0.039733  \n",
       "Cu    1.000000 -0.088111  0.169726  0.019145  0.036341  \n",
       "ppmB -0.088111  1.000000  0.280906 -0.022153  0.123441  \n",
       "Pa    0.169726  0.280906  1.000000  0.121055  0.224244  \n",
       "Rc    0.019145 -0.022153  0.121055  1.000000  0.497507  \n",
       "lnRc  0.036341  0.123441  0.224244  0.497507  1.000000  "
      ]
     },
     "execution_count": 9,
     "metadata": {},
     "output_type": "execute_result"
    }
   ],
   "source": [
    "#finding the correlations between the regressors\\\\\\pandas\n",
    "corr=x.corr()\n",
    "corr"
   ]
  },
  {
   "cell_type": "code",
   "execution_count": 10,
   "metadata": {},
   "outputs": [],
   "source": [
    "#visualize the correlations using the heatmap in seaborn\n",
    "#sns.heatmap(corr, xticklabels=corr.columns, yticklabels=corr.columns, cmap=\"RdBu\")\n",
    "\n",
    "#corr.style.background_gradient(cmap='coolwarm') \n",
    "\n",
    "#plt.matshow(corr)"
   ]
  },
  {
   "cell_type": "code",
   "execution_count": 11,
   "metadata": {},
   "outputs": [
    {
     "data": {
      "text/html": [
       "<div>\n",
       "<style scoped>\n",
       "    .dataframe tbody tr th:only-of-type {\n",
       "        vertical-align: middle;\n",
       "    }\n",
       "\n",
       "    .dataframe tbody tr th {\n",
       "        vertical-align: top;\n",
       "    }\n",
       "\n",
       "    .dataframe thead th {\n",
       "        text-align: right;\n",
       "    }\n",
       "</style>\n",
       "<table border=\"1\" class=\"dataframe\">\n",
       "  <thead>\n",
       "    <tr style=\"text-align: right;\">\n",
       "      <th></th>\n",
       "      <th>VIF Factor</th>\n",
       "      <th>features</th>\n",
       "    </tr>\n",
       "  </thead>\n",
       "  <tbody>\n",
       "    <tr>\n",
       "      <th>0</th>\n",
       "      <td>6.103772</td>\n",
       "      <td>C</td>\n",
       "    </tr>\n",
       "    <tr>\n",
       "      <th>1</th>\n",
       "      <td>2.679822</td>\n",
       "      <td>Si</td>\n",
       "    </tr>\n",
       "    <tr>\n",
       "      <th>2</th>\n",
       "      <td>4.702390</td>\n",
       "      <td>Mn</td>\n",
       "    </tr>\n",
       "    <tr>\n",
       "      <th>3</th>\n",
       "      <td>2.166472</td>\n",
       "      <td>Cr</td>\n",
       "    </tr>\n",
       "    <tr>\n",
       "      <th>4</th>\n",
       "      <td>1.911354</td>\n",
       "      <td>Mo</td>\n",
       "    </tr>\n",
       "    <tr>\n",
       "      <th>5</th>\n",
       "      <td>1.441319</td>\n",
       "      <td>Ni</td>\n",
       "    </tr>\n",
       "    <tr>\n",
       "      <th>6</th>\n",
       "      <td>1.087822</td>\n",
       "      <td>Al</td>\n",
       "    </tr>\n",
       "    <tr>\n",
       "      <th>7</th>\n",
       "      <td>1.269708</td>\n",
       "      <td>Cu</td>\n",
       "    </tr>\n",
       "    <tr>\n",
       "      <th>8</th>\n",
       "      <td>1.467676</td>\n",
       "      <td>ppmB</td>\n",
       "    </tr>\n",
       "    <tr>\n",
       "      <th>9</th>\n",
       "      <td>13.074450</td>\n",
       "      <td>Pa</td>\n",
       "    </tr>\n",
       "    <tr>\n",
       "      <th>10</th>\n",
       "      <td>1.467126</td>\n",
       "      <td>Rc</td>\n",
       "    </tr>\n",
       "    <tr>\n",
       "      <th>11</th>\n",
       "      <td>2.173546</td>\n",
       "      <td>lnRc</td>\n",
       "    </tr>\n",
       "  </tbody>\n",
       "</table>\n",
       "</div>"
      ],
      "text/plain": [
       "    VIF Factor features\n",
       "0     6.103772        C\n",
       "1     2.679822       Si\n",
       "2     4.702390       Mn\n",
       "3     2.166472       Cr\n",
       "4     1.911354       Mo\n",
       "5     1.441319       Ni\n",
       "6     1.087822       Al\n",
       "7     1.269708       Cu\n",
       "8     1.467676     ppmB\n",
       "9    13.074450       Pa\n",
       "10    1.467126       Rc\n",
       "11    2.173546     lnRc"
      ]
     },
     "execution_count": 11,
     "metadata": {},
     "output_type": "execute_result"
    }
   ],
   "source": [
    "vif = pd.DataFrame()\n",
    "vif[\"VIF Factor\"] = [variance_inflation_factor(x.values, i) for i in range(x.shape[1])]\n",
    "vif[\"features\"] = x.columns\n",
    "vif\n"
   ]
  },
  {
   "cell_type": "code",
   "execution_count": 12,
   "metadata": {},
   "outputs": [
    {
     "data": {
      "text/html": [
       "<div>\n",
       "<style scoped>\n",
       "    .dataframe tbody tr th:only-of-type {\n",
       "        vertical-align: middle;\n",
       "    }\n",
       "\n",
       "    .dataframe tbody tr th {\n",
       "        vertical-align: top;\n",
       "    }\n",
       "\n",
       "    .dataframe thead th {\n",
       "        text-align: right;\n",
       "    }\n",
       "</style>\n",
       "<table border=\"1\" class=\"dataframe\">\n",
       "  <thead>\n",
       "    <tr style=\"text-align: right;\">\n",
       "      <th></th>\n",
       "      <th>VIF Factor</th>\n",
       "      <th>features</th>\n",
       "    </tr>\n",
       "  </thead>\n",
       "  <tbody>\n",
       "    <tr>\n",
       "      <th>0</th>\n",
       "      <td>1.350059</td>\n",
       "      <td>Si</td>\n",
       "    </tr>\n",
       "    <tr>\n",
       "      <th>1</th>\n",
       "      <td>1.794771</td>\n",
       "      <td>Cr</td>\n",
       "    </tr>\n",
       "    <tr>\n",
       "      <th>2</th>\n",
       "      <td>1.741368</td>\n",
       "      <td>Mo</td>\n",
       "    </tr>\n",
       "    <tr>\n",
       "      <th>3</th>\n",
       "      <td>1.328679</td>\n",
       "      <td>Ni</td>\n",
       "    </tr>\n",
       "    <tr>\n",
       "      <th>4</th>\n",
       "      <td>1.052580</td>\n",
       "      <td>Al</td>\n",
       "    </tr>\n",
       "    <tr>\n",
       "      <th>5</th>\n",
       "      <td>1.159094</td>\n",
       "      <td>Cu</td>\n",
       "    </tr>\n",
       "    <tr>\n",
       "      <th>6</th>\n",
       "      <td>1.057932</td>\n",
       "      <td>ppmB</td>\n",
       "    </tr>\n",
       "    <tr>\n",
       "      <th>7</th>\n",
       "      <td>1.255250</td>\n",
       "      <td>Rc</td>\n",
       "    </tr>\n",
       "    <tr>\n",
       "      <th>8</th>\n",
       "      <td>1.982672</td>\n",
       "      <td>lnRc</td>\n",
       "    </tr>\n",
       "  </tbody>\n",
       "</table>\n",
       "</div>"
      ],
      "text/plain": [
       "   VIF Factor features\n",
       "0    1.350059       Si\n",
       "1    1.794771       Cr\n",
       "2    1.741368       Mo\n",
       "3    1.328679       Ni\n",
       "4    1.052580       Al\n",
       "5    1.159094       Cu\n",
       "6    1.057932     ppmB\n",
       "7    1.255250       Rc\n",
       "8    1.982672     lnRc"
      ]
     },
     "execution_count": 12,
     "metadata": {},
     "output_type": "execute_result"
    }
   ],
   "source": [
    "\n",
    "xx=x.drop(['C', 'Pa', 'Mn'], axis = 1)\n",
    "#xx\n",
    "viff=pd.DataFrame()\n",
    "viff[\"VIF Factor\"] = [variance_inflation_factor(xx.values, i) for i in range(xx.shape[1])]\n",
    "viff[\"features\"] = xx.columns\n",
    "viff"
   ]
  },
  {
   "cell_type": "code",
   "execution_count": 13,
   "metadata": {},
   "outputs": [
    {
     "data": {
      "text/html": [
       "<div>\n",
       "<style scoped>\n",
       "    .dataframe tbody tr th:only-of-type {\n",
       "        vertical-align: middle;\n",
       "    }\n",
       "\n",
       "    .dataframe tbody tr th {\n",
       "        vertical-align: top;\n",
       "    }\n",
       "\n",
       "    .dataframe thead th {\n",
       "        text-align: right;\n",
       "    }\n",
       "</style>\n",
       "<table border=\"1\" class=\"dataframe\">\n",
       "  <thead>\n",
       "    <tr style=\"text-align: right;\">\n",
       "      <th></th>\n",
       "      <th>Si</th>\n",
       "      <th>Cr</th>\n",
       "      <th>Mo</th>\n",
       "      <th>Ni</th>\n",
       "      <th>Al</th>\n",
       "      <th>Cu</th>\n",
       "      <th>ppmB</th>\n",
       "      <th>Rc</th>\n",
       "      <th>lnRc</th>\n",
       "    </tr>\n",
       "  </thead>\n",
       "  <tbody>\n",
       "    <tr>\n",
       "      <th>Si</th>\n",
       "      <td>1.000000</td>\n",
       "      <td>-0.151363</td>\n",
       "      <td>-0.075460</td>\n",
       "      <td>-0.137054</td>\n",
       "      <td>-0.069377</td>\n",
       "      <td>-0.092396</td>\n",
       "      <td>-0.129450</td>\n",
       "      <td>-0.031104</td>\n",
       "      <td>0.004454</td>\n",
       "    </tr>\n",
       "    <tr>\n",
       "      <th>Cr</th>\n",
       "      <td>-0.151363</td>\n",
       "      <td>1.000000</td>\n",
       "      <td>0.199588</td>\n",
       "      <td>0.144988</td>\n",
       "      <td>0.115025</td>\n",
       "      <td>0.047204</td>\n",
       "      <td>-0.033422</td>\n",
       "      <td>-0.148081</td>\n",
       "      <td>-0.197612</td>\n",
       "    </tr>\n",
       "    <tr>\n",
       "      <th>Mo</th>\n",
       "      <td>-0.075460</td>\n",
       "      <td>0.199588</td>\n",
       "      <td>1.000000</td>\n",
       "      <td>0.049304</td>\n",
       "      <td>-0.012070</td>\n",
       "      <td>-0.002367</td>\n",
       "      <td>-0.149920</td>\n",
       "      <td>-0.166733</td>\n",
       "      <td>-0.328220</td>\n",
       "    </tr>\n",
       "    <tr>\n",
       "      <th>Ni</th>\n",
       "      <td>-0.137054</td>\n",
       "      <td>0.144988</td>\n",
       "      <td>0.049304</td>\n",
       "      <td>1.000000</td>\n",
       "      <td>-0.057640</td>\n",
       "      <td>0.082005</td>\n",
       "      <td>-0.102143</td>\n",
       "      <td>-0.089855</td>\n",
       "      <td>-0.192413</td>\n",
       "    </tr>\n",
       "    <tr>\n",
       "      <th>Al</th>\n",
       "      <td>-0.069377</td>\n",
       "      <td>0.115025</td>\n",
       "      <td>-0.012070</td>\n",
       "      <td>-0.057640</td>\n",
       "      <td>1.000000</td>\n",
       "      <td>-0.021200</td>\n",
       "      <td>-0.028779</td>\n",
       "      <td>-0.000696</td>\n",
       "      <td>0.039733</td>\n",
       "    </tr>\n",
       "    <tr>\n",
       "      <th>Cu</th>\n",
       "      <td>-0.092396</td>\n",
       "      <td>0.047204</td>\n",
       "      <td>-0.002367</td>\n",
       "      <td>0.082005</td>\n",
       "      <td>-0.021200</td>\n",
       "      <td>1.000000</td>\n",
       "      <td>-0.088111</td>\n",
       "      <td>0.019145</td>\n",
       "      <td>0.036341</td>\n",
       "    </tr>\n",
       "    <tr>\n",
       "      <th>ppmB</th>\n",
       "      <td>-0.129450</td>\n",
       "      <td>-0.033422</td>\n",
       "      <td>-0.149920</td>\n",
       "      <td>-0.102143</td>\n",
       "      <td>-0.028779</td>\n",
       "      <td>-0.088111</td>\n",
       "      <td>1.000000</td>\n",
       "      <td>-0.022153</td>\n",
       "      <td>0.123441</td>\n",
       "    </tr>\n",
       "    <tr>\n",
       "      <th>Rc</th>\n",
       "      <td>-0.031104</td>\n",
       "      <td>-0.148081</td>\n",
       "      <td>-0.166733</td>\n",
       "      <td>-0.089855</td>\n",
       "      <td>-0.000696</td>\n",
       "      <td>0.019145</td>\n",
       "      <td>-0.022153</td>\n",
       "      <td>1.000000</td>\n",
       "      <td>0.497507</td>\n",
       "    </tr>\n",
       "    <tr>\n",
       "      <th>lnRc</th>\n",
       "      <td>0.004454</td>\n",
       "      <td>-0.197612</td>\n",
       "      <td>-0.328220</td>\n",
       "      <td>-0.192413</td>\n",
       "      <td>0.039733</td>\n",
       "      <td>0.036341</td>\n",
       "      <td>0.123441</td>\n",
       "      <td>0.497507</td>\n",
       "      <td>1.000000</td>\n",
       "    </tr>\n",
       "  </tbody>\n",
       "</table>\n",
       "</div>"
      ],
      "text/plain": [
       "            Si        Cr        Mo        Ni        Al        Cu      ppmB  \\\n",
       "Si    1.000000 -0.151363 -0.075460 -0.137054 -0.069377 -0.092396 -0.129450   \n",
       "Cr   -0.151363  1.000000  0.199588  0.144988  0.115025  0.047204 -0.033422   \n",
       "Mo   -0.075460  0.199588  1.000000  0.049304 -0.012070 -0.002367 -0.149920   \n",
       "Ni   -0.137054  0.144988  0.049304  1.000000 -0.057640  0.082005 -0.102143   \n",
       "Al   -0.069377  0.115025 -0.012070 -0.057640  1.000000 -0.021200 -0.028779   \n",
       "Cu   -0.092396  0.047204 -0.002367  0.082005 -0.021200  1.000000 -0.088111   \n",
       "ppmB -0.129450 -0.033422 -0.149920 -0.102143 -0.028779 -0.088111  1.000000   \n",
       "Rc   -0.031104 -0.148081 -0.166733 -0.089855 -0.000696  0.019145 -0.022153   \n",
       "lnRc  0.004454 -0.197612 -0.328220 -0.192413  0.039733  0.036341  0.123441   \n",
       "\n",
       "            Rc      lnRc  \n",
       "Si   -0.031104  0.004454  \n",
       "Cr   -0.148081 -0.197612  \n",
       "Mo   -0.166733 -0.328220  \n",
       "Ni   -0.089855 -0.192413  \n",
       "Al   -0.000696  0.039733  \n",
       "Cu    0.019145  0.036341  \n",
       "ppmB -0.022153  0.123441  \n",
       "Rc    1.000000  0.497507  \n",
       "lnRc  0.497507  1.000000  "
      ]
     },
     "execution_count": 13,
     "metadata": {},
     "output_type": "execute_result"
    },
    {
     "data": {
